         1   0.0431994
         2    0.103326
         3     0.18346
         4    0.281073
         5    0.397117
         6    0.531215
         7    0.683644
         8    0.853986
         9     1.04127
        10     1.24566
        11      1.4574
        12     1.69485
        13     1.95066
        14      2.2243
        15     2.51616
        16     2.82482
        17     3.15244
        18     3.49706
        19     3.85975
        20      4.2413
        21     4.59516
        22     5.00874
        23     5.44148
        24     5.89284
        25     6.36211
        26     6.84954
        27     7.35674
        28     7.88196
        29     8.42568
        30     8.98844
        31     9.46591
        32     10.0605
        33     10.6747
        34     11.3072
        35     11.9581
        36     12.6272
        37     13.3171
        38     14.0247
        39     14.7502
        40     15.4959
        41      16.074
        42     16.8473
        43     17.6396
        44     18.4491
        45     19.2772
        46     20.1238
        47      20.991
        48     21.8758
        49     22.7794
        50     23.7035
        51     24.3528
        52     25.3027
        53     26.2726
        54     27.2609
        55     28.2689
        56     29.2961
        57     30.3437
        58     31.4093
        59      32.494
        60     33.5998
        61     34.3056
        62     35.4365
        63     36.5877
        64     37.7589
        65     38.9495
        66      40.159
        67     41.3892
        68     42.6384
        69     43.9067
        70     45.1957
        71     45.9419
        72     47.2551
        73     48.5879
        74     49.9406
        75     51.3137
        76     52.7056
        77     54.1175
        78     55.5479
        79      56.998
        80     58.4697
        81     59.2304
        82     60.7246
        83     62.2387
        84     63.7735
        85     65.3285
        86     66.9036
        87     68.4998
        88     70.1142
        89     71.7488
        90     73.4057
        91     74.1557
        92     75.8332
        93     77.5299
        94     79.2481
        95     80.9871
        96     82.7459
        97     84.5256
        98     86.3235
        99     88.1418
       100     89.9815
       101     90.6904
       102     92.5471
       103     94.4225
       104     96.3191
       105     98.2364
       106     100.172
       107      102.13
       108     104.105
       109       106.1
       110     108.116
       111      108.75
       112      110.78
       113      112.83
       114     114.902
       115     116.995
       116     119.107
       117     121.242
       118     123.395
       119     125.569
       120     127.764
       121     128.298
       122     130.507
       123     132.735
       124     134.986
       125     137.258
       126      139.55
       127     141.866
       128       144.2
       129     146.554
       130     148.931
       131     149.353
       132      151.74
       133     154.148
       134     156.577
       135     159.029
       136     161.501
       137     163.997
       138     166.512
       139     169.047
       140     171.605
       141     171.898
       142     174.463
       143      177.05
       144     179.658
       145     182.289
       146      184.94
       147     187.616
       148     190.311
       149     193.027
       150     195.767
       151     195.902
       152     198.648
       153     201.415
       154     204.203
       155     207.015
       156     209.848
       157     212.705
       158     215.581
       159     218.479
       160       221.4
       161     221.349
       162     224.274
       163     227.219
       164     230.187
       165     233.177
       166     236.188
       167     239.223
       168     242.278
       169     245.354
       170     248.454
       171     248.207
       172     251.309
       173     254.431
       174     257.576
       175     260.744
       176     263.932
       177     267.145
       178     270.378
       179     273.631
       180      276.91
       181     276.444
       182     279.721
       183      283.02
       184     286.341
       185     289.686
       186     293.051
       187      296.44
       188      299.85
       189      303.28
       190     306.733
       191     306.021
       192     309.471
       193     312.942
       194     316.436
       195     319.953
       196     323.491
       197     327.054
       198     330.638
       199     334.242
       200     337.871
       201     336.878
       202     340.501
       203     344.146
       204     347.814
       205     351.506
       206     355.221
       207     358.961
       208     362.724
       209     366.508
       210     370.317
       211     369.034
       212     372.836
       213     376.659
       214     380.504
       215     384.375
       216     388.269
       217     392.189
       218     396.131
       219     400.093
       220      404.08
       221     402.474
       222     406.451
       223      410.45
       224     414.471
       225     418.516
       226     422.586
       227     426.681
       228     430.799
       229     434.937
       230     439.099
       231      437.15
       232     441.302
       233     445.477
       234     449.674
       235     453.897
       236     458.144
       237     462.417
       238     466.711
       239     471.026
       240     475.365
       241     473.064
       242     477.392
       243     481.743
       244     486.117
       245     490.517
       246      494.94
       247     499.389
       248     503.859
       249     508.353
       250     512.871
       251     510.192
       252     514.695
       253     519.222
       254     523.774
       255     528.352
       256     532.953
       257      537.58
       258     542.228
       259     546.901
       260       551.6
       261     548.509
       262     553.193
       263     557.901
       264     562.633
       265      567.39
       266     572.171
       267     576.979
       268     581.809
       269     586.663
       270     591.542
       271         588
       272     592.862
       273      597.75
       274      602.66
       275     607.597
       276     612.557
       277     617.544
       278     622.553
       279     627.587
       280     632.646
       281     628.616
       282     633.656
       283      638.72
       284     643.808
       285     648.922
       286     654.062
       287     659.229
       288     664.419
       289     669.633
       290     674.873
       291     670.395
       292     675.617
       293     680.864
       294     686.136
       295     691.432
       296     696.754
       297     702.105
       298     707.479
       299     712.877
       300     718.301
       301      713.37
       302     718.773
       303     724.201
       304     729.654
       305     735.133
       306     740.638
       307      746.17
       308     751.727
       309     757.308
       310     762.916
       311     757.512
       312     763.098
       313     768.709
       314     774.347
       315      780.01
       316     785.698
       317     791.414
       318     797.153
       319     802.916
       320     808.708
       321     802.802
       322     808.569
       323      814.36
       324     820.178
       325     826.021
       326      831.89
       327     837.786
       328     843.706
       329     849.651
       330     855.625
       331     849.168
       332     855.116
       333     861.089
       334      867.09
       335     873.116
       336     879.168
       337     885.245
       338     891.347
       339     897.474
       340     903.631
       341     896.587
       342     902.718
       343     908.875
       344     915.059
       345     921.271
       346     927.508
       347      933.77
       348     940.057
       349     946.369
       350      952.71
       351     945.111
       352     951.425
       353     957.765
       354     964.131
       355     970.524
       356     976.944
       357      983.39
       358      989.86
       359     996.357
       360     1002.88
       361     994.697
       362     1001.19
       363     1007.71
       364     1014.26
       365     1020.84
       366     1027.44
       367     1034.07
       368     1040.73
       369     1047.41
       370     1054.12
       371     1045.33
       372     1052.01
       373     1058.72
       374     1065.45
       375     1072.21
       376        1079
       377     1085.82
       378     1092.66
       379     1099.53
       380     1106.43
       381     1096.99
       382     1103.86
       383     1110.75
       384     1117.67
       385     1124.62
       386     1131.59
       387     1138.59
       388     1145.62
       389     1152.68
       390     1159.77
       391     1149.65
       392      1156.7
       393     1163.78
       394     1170.88
       395     1178.02
       396     1185.18
       397     1192.36
       398     1199.57
       399     1206.82
       400     1214.09
       401     1203.22
       402     1210.45
       403     1217.72
       404     1225.01
       405     1232.32
       406     1239.67
       407     1247.04
       408     1254.43
       409     1261.87
       410     1269.33
       411     1257.67
       412     1265.09
       413     1272.54
       414     1280.01
       415     1287.52
       416     1295.04
       417      1302.6
       418     1310.18
       419      1317.8
       420     1325.44
       421     1312.93
       422     1320.53
       423     1328.16
       424     1335.82
       425      1343.5
       426     1351.21
       427     1358.95
       428     1366.71
       429     1374.51
       430     1382.34
       431      1368.9
       432     1376.69
       433      1384.5
       434     1392.33
       435      1400.2
       436     1408.09
       437     1416.01
       438     1423.96
       439     1431.95
       440     1439.96
       441     1425.56
       442     1433.53
       443     1441.52
       444     1449.54
       445     1457.59
       446     1465.67
       447     1473.78
       448     1481.92
       449      1490.1
       450      1498.3
       451     1482.94
       452     1491.08
       453     1499.26
       454     1507.47
       455     1515.71
       456     1523.97
       457     1532.27
       458     1540.59
       459     1548.95
       460     1557.33
       461     1541.01
       462     1549.34
       463      1557.7
       464     1566.09
       465     1574.51
       466     1582.96
       467     1591.44
       468     1599.95
       469     1608.49
       470     1617.06
       471      1599.7
       472     1608.21
       473     1616.76
       474     1625.33
       475     1633.93
       476     1642.55
       477     1651.21
       478      1659.9
       479     1668.62
       480     1677.37
       481     1658.88
       482     1667.57
       483     1676.29
       484     1685.04
       485     1693.82
       486     1702.63
       487     1711.47
       488     1720.34
       489     1729.24
       490     1738.17
       491     1718.69
       492     1727.56
       493     1736.46
       494     1745.39
       495     1754.36
       496     1763.35
       497     1772.37
       498     1781.43
       499     1790.51
       500     1799.63
       501     1779.18
       502     1788.23
       503     1797.31
       504     1806.43
       505     1815.58
       506     1824.75
       507     1833.96
       508     1843.19
       509     1852.46
       510     1861.76
       511     1840.27
       512      1849.5
       513     1858.77
       514     1868.07
       515     1877.39
       516     1886.75
       517     1896.14
       518     1905.56
       519     1915.01
       520     1924.49
       521     1901.84
       522     1911.26
       523     1920.71
       524     1930.19
       525      1939.7
       526     1949.23
       527      1958.8
       528      1968.4
       529     1978.04
       530      1987.7
       531     1963.96
       532     1973.55
       533     1983.18
       534     1992.84
       535     2002.54
       536     2012.26
       537     2022.01
       538     2031.79
       539     2041.61
       540     2051.45
       541     2026.55
       542     2036.33
       543     2046.14
       544     2055.99
       545     2065.86
       546     2075.77
       547      2085.7
       548     2095.67
       549     2105.66
       550     2115.69
       551     2089.61
       552     2099.56
       553     2109.55
       554     2119.57
       555     2129.63
       556     2139.71
       557     2149.82
       558     2159.97
       559     2170.15
       560     2180.35
       561     2152.99
       562     2163.12
       563     2173.28
       564     2183.48
       565      2193.7
       566     2203.96
       567     2214.25
       568     2224.57
       569     2234.93
       570     2245.31
       571      2216.6
       572     2226.91
       573     2237.25
       574     2247.62
       575     2258.02
       576     2268.45
       577     2278.92
       578     2289.41
       579     2299.94
       580     2310.51
       581     2280.33
       582     2290.81
       583     2301.32
       584     2311.87
       585     2322.45
       586     2333.07
       587     2343.71
       588     2354.39
       589      2365.1
       590     2375.84
       591      2344.1
       592     2354.76
       593     2365.45
       594     2376.17
       595     2386.93
       596     2397.72
       597     2408.54
       598      2419.4
       599     2430.29
       600     2441.22
       601     2408.03
       602     2418.86
       603     2429.72
       604     2440.63
       605     2451.56
       606     2462.53
       607     2473.53
       608     2484.56
       609     2495.63
       610     2506.73
       611     2472.03
       612     2483.04
       613     2494.08
       614     2505.16
       615     2516.27
       616     2527.42
       617     2538.59
       618      2549.8
       619     2561.05
       620     2572.32
       621     2535.96
       622     2547.14
       623     2558.36
       624     2569.61
       625      2580.9
       626     2592.22
       627     2603.57
       628     2614.95
       629     2626.37
       630     2637.82
       631     2599.74
       632     2611.09
       633     2622.48
       634      2633.9
       635     2645.36
       636     2656.85
       637     2668.37
       638     2679.93
       639     2691.53
       640     2703.15
       641     2663.61
       642     2675.14
       643      2686.7
       644     2698.29
       645     2709.92
       646     2721.59
       647     2733.28
       648     2745.01
       649     2756.77
       650     2768.57
       651     2727.44
       652     2739.14
       653     2750.86
       654     2762.63
       655     2774.43
       656     2786.26
       657     2798.13
       658     2810.03
       659     2821.98
       660     2833.95
       661     2791.29
       662     2803.17
       663     2815.07
       664     2827.01
       665     2838.99
       666        2851
       667     2863.04
       668     2875.12
       669     2887.23
       670     2899.38
       671     2855.29
       672     2867.33
       673     2879.41
       674     2891.52
       675     2903.67
       676     2915.85
       677     2928.07
       678     2940.32
       679     2952.61
       680     2964.92
       681     2919.98
       682      2932.2
       683     2944.44
       684     2956.72
       685     2969.04
       686     2981.39
       687     2993.78
       688      3006.2
       689     3018.66
       690     3031.15
       691     2985.48
       692     2997.87
       693     3010.29
       694     3022.74
       695     3035.23
       696     3047.76
       697     3060.32
       698     3072.92
       699     3085.56
       700     3098.23
       701     3052.01
       702     3064.58
       703     3077.18
       704     3089.82
       705     3102.49
       706     3115.21
       707     3127.96
       708     3140.74
       709     3153.56
       710     3166.41
       711     3119.56
       712      3132.3
       713     3145.08
       714      3157.9
       715     3170.75
       716     3183.64
       717     3196.57
       718     3209.53
       719     3222.53
       720     3235.55
       721     3188.11
       722     3201.04
       723     3213.99
       724     3226.99
       725     3240.02
       726     3253.09
       727      3266.2
       728     3279.34
       729     3292.51
       730     3305.72
       731     3257.73
       732     3270.83
       733     3283.97
       734     3297.14
       735     3310.35
       736      3323.6
       737      3336.9
       738     3350.22
       739     3363.58
       740     3376.97
       741     3328.37
       742     3341.65
       743     3354.98
       744     3368.33
       745     3381.72
       746     3395.16
       747     3408.63
       748     3422.14
       749     3435.68
       750     3449.25
       751     3399.91
       752     3413.38
       753     3426.87
       754      3440.4
       755     3453.97
       756     3467.59
       757     3481.24
       758     3494.93
       759     3508.65
       760      3522.4
       761     3472.35
       762     3485.99
       763     3499.68
       764     3513.39
       765     3527.15
       766     3540.95
       767     3554.79
       768     3568.66
       769     3582.56
       770      3596.5
       771      3545.8
       772     3559.64
       773     3573.51
       774     3587.41
       775     3601.36
       776     3615.34
       777     3629.37
       778     3643.43
       779     3657.52
       780     3671.65
       781     3620.27
       782     3634.29
       783     3648.35
       784     3662.44
       785     3676.56
       786     3690.74
       787     3704.95
       788     3719.19
       789     3733.47
       790     3747.79
       791     3695.77
       792     3709.97
       793     3724.22
       794     3738.51
       795     3752.82
       796     3767.18
       797     3781.59
       798     3796.02
       799     3810.49
       800     3824.99
       801     3772.31
       802      3786.7
       803     3801.15
       804     3815.62
       805     3830.13
       806     3844.68
       807     3859.27
       808     3873.89
       809     3888.54
       810     3903.23
       811     3849.68
       812     3864.26
       813     3878.89
       814     3893.55
       815     3908.25
       816     3922.99
       817     3937.78
       818     3952.59
       819     3967.44
       820     3982.33
       821     3927.95
       822     3942.73
       823     3957.55
       824     3972.41
       825     3987.31
       826     4002.25
       827     4017.23
       828     4032.24
       829     4047.29
       830     4062.38
       831     4007.45
       832     4022.42
       833     4037.45
       834     4052.51
       835      4067.6
       836     4082.74
       837     4097.92
       838     4113.12
       839     4128.36
       840     4143.65
       841     4087.91
       842     4103.07
       843     4118.28
       844     4133.53
       845     4148.82
       846     4164.15
       847     4179.52
       848     4194.92
       849     4210.35
       850     4225.82
       851     4169.18
       852     4184.53
       853     4199.94
       854     4215.38
       855     4230.86
       856     4246.37
       857     4261.93
       858     4277.52
       859     4293.14
       860      4308.8
       861     4251.16
       862     4266.69
       863     4282.29
       864     4297.91
       865     4313.57
       866     4329.29
       867     4345.05
       868     4360.83
       869     4376.66
       870     4392.52
       871     4333.91
       872     4349.65
       873     4365.44
       874     4381.27
       875     4397.15
       876     4413.07
       877     4429.03
       878     4445.02
       879     4461.05
       880     4477.12
       881     4417.27
       882     4433.21
       883      4449.2
       884     4465.22
       885     4481.28
       886     4497.39
       887     4513.54
       888     4529.73
       889     4545.95
       890     4562.21
       891     4501.17
       892      4517.3
       893     4533.49
       894      4549.7
       895     4565.96
       896     4582.27
       897     4598.62
       898        4615
       899     4631.43
       900     4647.89
       901     4585.55
       902     4601.87
       903     4618.27
       904     4634.69
       905     4651.15
       906     4667.66
       907     4684.21
       908     4700.79
       909     4717.41
       910     4734.07
       911     4669.89
       912     4686.41
       913        4703
       914     4719.62
       915     4736.28
       916     4752.98
       917     4769.72
       918     4786.49
       919      4803.3
       920     4820.15
       921     4754.83
       922     4771.54
       923     4788.32
       924     4805.13
       925     4821.98
       926     4838.89
       927     4855.83
       928     4872.83
       929     4889.86
       930     4906.93
       931      4839.6
       932     4856.53
       933     4873.52
       934     4890.54
       935     4907.61
       936     4924.73
       937     4941.88
       938     4959.06
       939     4976.27
       940     4993.52
       941     4924.64
       942     4941.75
       943     4958.92
       944     4976.12
       945     4993.36
       946     5010.65
       947     5027.97
       948     5045.32
       949     5062.71
       950     5080.14
       951     5009.67
       952     5026.95
       953     5044.29
       954     5061.66
       955     5079.07
       956     5096.54
       957     5114.02
       958     5131.56
       959     5149.13
       960     5166.76
       961        5095
       962     5112.49
       963     5130.04
       964     5147.62
       965     5165.24
       966     5182.92
       967     5200.63
       968     5218.39
       969     5236.18
       970     5254.01
       971     5181.76
       972     5199.45
       973      5217.2
       974     5234.98
       975     5252.79
       976     5270.67
       977     5288.57
       978     5306.52
       979      5324.5
       980     5342.54
       981     5270.08
       982     5287.98
       983     5305.92
       984      5323.9
       985     5341.92
       986     5359.98
       987     5378.08
       988     5396.23
       989     5414.42
       990     5432.67
       991     5358.68
       992     5376.84
       993     5395.05
       994     5413.28
       995     5431.53
       996     5449.82
       997     5468.14
       998     5486.53
       999     5504.92
      1000     5523.35
